# Created by Octave 3.6.4, Sun Mar 30 17:42:17 2014 EDT <root@mtydykov-MacBookPro>
# name: ans
# type: scalar
0.7578477569833026


# name: intermediate
# type: matrix
# rows: 1
# columns: 20
 1.739858579999999 3.173688180000001 0.02202900500000004 0.1673600512499999 0.01985028125000003 0.2595241012499999 0.2045760612499999 0.4745328200000002 0.3992158012500003 0.4065314449999999 0.01216800000000002 1.4843645 0.02035153125000002 0.6213337812500004 0.0003537799999999929 0.1347843200000001 0.02234498000000005 0.3353395512499999 0.02456436124999998 0.84864392


# name: vals
# type: matrix
# rows: 1
# columns: 20
 1.3002 10.0698 5.4508 3.8739 5.4295 3.5901 3.7517 6.9794 6.8181 6.8344 5.343 1.585 5.4345 7.2605 4.9778 6.0694 5.4538 3.3931 4.5877 2.4254


# name: vals2
# type: matrix
# rows: 1
# columns: 10
 0.89 0.92 0.53 0.65 0.99 0.78 0.85 0.8100000000000001 0.31 0.12


# name: vals_18
# type: matrix
# rows: 1
# columns: 20
 1.4664 -0.0026 2.9642 2.5201 1.98 1.9652 1.2018 3.0187 1.8668 1.2855 3.3514 1.7752 1.411 1.7062 1.1521 0.8799 4.526 3.6555 2.3075 0.7429


